2.785852141938128385e-02
3.740779463848558639e-01
7.471131793571792468e-01
1.283187563940294096e+00
1.046050773021688141e+00
1.477297500729857660e+00
2.123276425240051335e+00
2.493902721119486632e+00
2.904672240171544573e+00
2.810720811458326196e+00
1.662695619272695380e+00
1.291443452766941169e+00
5.055391383811906891e-01
3.521407530007897857e-01
1.441086912992119162e-01
7.523926472259803711e-02
5.161806444375312969e-02
7.352341822746591427e-02
3.499674205767056706e-02
7.915387722483389898e-02
4.476764334080115398e-02
5.851905789649546052e-02
3.768934743693336253e-02
3.008702826552429183e-02
2.543079511537682871e-02
3.106071046867335539e-02
2.935159182664920721e-02
2.641087863204738886e-02
2.578874989624429723e-02
1.825272725875548216e-03
2.195610955698950803e-02
7.949758447270001763e-03
7.522533646599944245e-03
1.036167408848934560e-02
1.320046320333621848e-02
1.325567705397129661e-02
1.342365113489817421e-02
5.172046507922541288e-03
9.331347479039107246e-03
7.590905461689457720e-03
1.180840527453374048e-02
3.660660193587597817e-03
0.000000000000000000e+00
1.278319287723190568e-02
6.365055939750140224e-03
0.000000000000000000e+00
7.954044275321089209e-06
4.596554085049187510e-04
2.545192428202458154e-02
6.480739676522398462e-02
9.985392275957850894e-02
1.776156108973393766e-01
2.704601686943326477e-01
3.752586532015314003e-01
6.580081479481776352e-01
1.706732990534616912e+00
2.133726437864527981e+00
3.568775971348172593e+00
3.078007636092995103e+00
2.925798956338311108e+00
1.291533445821555048e+00
5.074365860224350211e-01
3.015717782446644124e-01
3.143914691164170772e-01
2.234842038284534094e-01
1.545709289848877233e-01
1.488964723969358195e-01
1.891495240786736365e-01
1.507619490396281403e-01
1.605352896522320438e-01
2.185176186370857143e-01
2.394284820638652445e-01
1.981521345791401323e-01
2.169395651144724324e-01
1.759893819029053341e-01
1.508960149015565466e-01
1.292607003163264712e-01
7.462151394874681765e-02
2.550287106113044086e-02
2.146993398033919184e-02
9.210270537703501084e-03
6.602171962706827879e-03
2.238505985853413670e-03
6.719322875918549293e-04
2.328565755369337714e-03
7.953152241179166056e-04
5.289269079619209372e-05
0.000000000000000000e+00
0.000000000000000000e+00
1.496274319539465722e-05
0.000000000000000000e+00
2.813992720060645031e-05
0.000000000000000000e+00
4.571453563783380014e-05
1.260670426911047180e-04
9.703748181806989490e-03
8.080972851166332363e-03
9.755920087586130579e-03
1.857083830983987521e-02
2.907239360848081627e-02
6.052481011657895316e-02
1.454802680070373944e-01
1.731483816314930424e-01
4.978512471974511078e-01
7.775681198385908655e-01
1.770171930887576739e+00
2.157071161080346133e+00
2.227564441698741238e+00
2.434975271358089000e+00
1.748674182307367486e+00
1.437597702402149791e+00
1.187119916441763179e+00
8.769095713299559502e-01
7.993824866350642822e-01
6.754831943628476498e-01
5.545428956839500989e-01
4.442161039717483217e-01
4.522790627047471035e-01
3.596201062080858213e-01
3.201160788656892131e-01
2.698122926167921265e-01
1.917979557148427605e-01
1.204796383196965193e-01
8.513672272182273848e-02
4.082971081418260151e-02
4.309238939119877654e-02
4.296632203873095024e-02
1.697028823011633228e-02
2.378237749746960755e-03
4.223241928019670632e-03
2.088684046897518361e-03
3.229274009819209541e-03
6.039426596457670446e-04
2.532495569893912827e-04
0.000000000000000000e+00
2.985869034133288905e-04
1.868759514129422197e-04
0.000000000000000000e+00
2.812390176259063653e-06
2.277236340848786059e-05
4.355062551345201954e-03
7.146583367469646481e-03
3.169629592010409641e-03
3.422876568551556573e-03
1.576373259953507688e-02
2.058889562736182163e-02
4.658136621815719969e-02
7.254737255088418435e-02
4.945286051280003981e-02
1.369937449634944793e-01
1.834789487863797419e-01
3.598880023924667104e-01
6.135890985135329379e-01
8.508761074532548152e-01
1.649239248952937054e+00
2.459540039854021920e+00
2.732335116137496023e+00
2.854172178877173671e+00
2.330063346633040489e+00
1.664704163070609866e+00
9.881487117901561756e-01
6.317595890764635680e-01
4.913747264628530176e-01
4.279196888459866899e-01
2.994945363925972104e-01
2.321182289679881161e-01
2.153226331871914978e-01
1.819305631069619567e-01
1.078779663485113643e-01
1.098853124651063967e-01
3.493830049006368260e-02
5.461190476683203121e-02
4.830547488018979707e-02
6.651498016894866194e-02
4.468234146706468769e-03
1.541475475521075778e-02
3.626784176909579084e-03
1.716855114043067815e-02
1.109850591459036855e-02
6.281215632382189792e-06
0.000000000000000000e+00
8.171791968823135025e-05
0.000000000000000000e+00
0.000000000000000000e+00
0.000000000000000000e+00
6.443173027747483791e-05
6.135238342332170530e-04
2.319767121576788056e-03
1.639688697179480853e-03
1.226869301429489014e-03
5.265807012455053435e-03
1.334715581300411442e-03
7.834798779040417702e-03
3.989707751000794861e-02
1.710141352854142524e-02
1.449276286710024335e-02
2.202354621028373288e-02
9.614664529890809552e-02
9.656240204092592094e-02
1.354746869936649667e-01
2.098613475471026169e-01
3.356252917300412419e-01
5.992941334730133018e-01
1.085467189344904604e+00
1.986182136935987774e+00
3.245842829915168259e+00
3.399567783185490022e+00
2.720425181712940343e+00
1.880209733197850452e+00
1.440502562897677530e+00
1.125000357301846110e+00
6.425975569565725021e-01
3.592035951874919530e-01
2.618392487813445135e-01
1.715448509910283970e-01
5.520746929096938260e-02
1.440646637853327215e-02
1.597065494902157046e-02
1.780250699021601168e-03
6.297166670621638825e-03
1.104745557369859164e-04
1.950475469105912213e-05
3.146235821325047842e-04
7.217243178630114962e-04
9.729136089118021858e-06
0.000000000000000000e+00
0.000000000000000000e+00
0.000000000000000000e+00
0.000000000000000000e+00
0.000000000000000000e+00
0.000000000000000000e+00
4.555227701593135277e-04
2.114281360459514369e-04
3.806749371981604270e-03
7.024942059050584249e-04
6.070286096069501570e-03
1.879634767173038803e-02
1.966370793760374713e-02
1.214413855909367464e-02
1.031553317725901649e-02
1.563512087874548845e-02
2.420477984067657615e-02
5.914905991211694136e-02
2.925891963708704413e-02
7.554370276413271967e-02
1.057145658681972467e-01
8.698432499135116958e-02
1.521444805057835803e-01
1.257492263828106638e-01
2.952471570381164367e-01
3.260993312198106620e-01
8.390815330195858790e-01
1.371460570087502884e+00
1.705313954450718317e+00
2.293835329378086207e+00
2.807990993679539748e+00
2.507557337460914582e+00
2.428178314411183703e+00
1.630787267884987735e+00
1.050888699100956281e+00
7.841262827875046248e-01
5.219307152727145072e-01
1.596107388781535796e-01
2.485653602928256101e-01
6.784520696784557270e-02
5.768392111072880024e-02
1.315798198321295465e-01
1.809138165106860974e-03
3.404590571194793594e-03
4.059164808866217583e-03
1.310052558401472028e-02
1.910270358711560175e-03
5.041130289359700646e-05
1.332977629329069056e-03
0.000000000000000000e+00
0.000000000000000000e+00
0.000000000000000000e+00
0.000000000000000000e+00
0.000000000000000000e+00
8.339803316887129184e-03
1.987148466862644243e-03
5.488357554186583907e-03
6.366765287269060027e-03
1.074008474005456841e-02
1.920300827247181999e-02
4.371575282001424062e-02
4.969211734476102621e-03
1.385525729427121086e-02
2.428615906464516930e-02
2.576842362808836467e-02
1.187925308786296451e-02
5.588050701074334659e-02
1.944233877018090861e-02
4.200586051589601938e-02
3.655359437111702081e-02
8.737884000983581201e-02
8.705867779260903494e-02
2.198934423945509975e-01
5.866868946483949632e-01
5.419730616852895810e-01
8.588677404585842723e-01
9.988239717922718919e-01
1.022700852479307976e+00
1.633010811448855737e+00
2.203345461509456538e+00
2.784612337281108019e+00
2.539832924401982162e+00
1.986295186878549224e+00
1.599997221588129515e+00
1.147981568285112219e+00
5.713434966270082294e-01
3.733117554221867529e-01
2.251172700475116417e-01
6.448271173903707965e-02
8.483871536467189889e-02
2.243472019657944197e-02
1.459525878981577773e-03
1.616209802457989689e-02
6.692402744372842952e-03
4.996598529130317351e-03
1.358560662285648499e-04
1.686615416018136802e-04
0.000000000000000000e+00
1.153569997559032896e-03
1.186738384470774398e-04
8.983588052746518992e-04
1.086606727962503589e-03
2.045304122901040605e-02
3.401057198987270970e-03
6.972866702145032528e-03
7.705194481634410064e-02
1.221846168153569029e-01
3.893039814388485950e-03
8.960767008057245533e-03
1.554246355309895668e-02
3.198956780949668149e-02
5.816382447216623952e-02
1.957335732183804883e-02
2.856223717153940148e-02
1.356499916172340947e-01
5.631860707955740203e-02
7.269461606264900067e-02
9.259082818920535973e-02
1.023138220861430081e-01
1.338295463560025544e-01
1.806955683561399517e-01
2.400769960509964995e-01
4.777152657295600235e-01
3.706131097463093993e-01
5.026284958185524010e-01
6.514521101167739525e-01
6.494507770133907121e-01
1.426268419893669259e+00
1.456919813843650546e+00
2.095266520160540047e+00
1.958762448248430710e+00
2.972810725197452264e+00
1.620174393320680029e+00
1.697212342856113887e+00
1.054828847672774295e+00
6.347421309616770868e-01
5.745627260712723450e-01
1.372498598582378715e-01
4.077951918918581303e-02
1.560876312093278651e-01
7.126828271132167048e-02
5.342036040193498363e-03
6.337715052288629691e-02
0.000000000000000000e+00
1.012506115911759316e-04
4.948484756112516114e-05
2.959418324567723632e-05
1.124848014108556352e-04
1.878114278087756120e-03
1.773497881834059653e-01
5.120446811752769022e-04
1.129524826605989296e-01
1.213139244279601292e-02
4.542560052602896226e-05
5.567690835075950802e-04
9.512998197104952092e-03
9.081947422829194554e-04
6.692983403400755947e-04
1.789541858556975475e-03
1.313834726754980900e-03
2.439064749178316074e-02
2.302035615637916885e-05
9.875362538045981409e-02
3.421719634586607023e-02
1.277890501969784157e-03
5.463707595738190054e-04
1.333696701277992808e-03
8.804636174730856579e-02
9.729903963237406320e-03
1.026491037230178698e-02
1.107730664262362719e-01
5.632139340009122142e-02
3.055087905377244090e-02
2.115550564255821164e-01
5.377462847398044588e-01
3.224026206523418203e-01
1.030219886084374536e+00
1.338346061126043596e+00
1.498867318884625988e+00
1.393606981341297901e+00
1.585027929950064918e+00
1.822073768687044737e+00
2.896190273307818863e+00
1.714277032450878036e+00
4.335658351278971478e-01
1.055208461574349110e+00
2.300048659367494253e+00
7.222125989419228009e-01
7.050191391989278911e-01
