2.781354458431601825e-02 7.954038957512892175e-06 0.000000000000000000e+00 2.812389407591107202e-06 0.000000000000000000e+00 0.000000000000000000e+00 0.000000000000000000e+00 0.000000000000000000e+00 0.000000000000000000e+00
3.740895815106903832e-01 4.596554089369815567e-04 4.571453563783798787e-05 2.277236350426270942e-05 6.443173027748089589e-05 4.555227701593584136e-04 0.000000000000000000e+00 1.153566455732651453e-03 1.012454603026776849e-04
7.471252936380089471e-01 2.545192425073682790e-02 1.260670426911006251e-04 4.355062551892388382e-03 6.135238342332256182e-04 2.114281360459420857e-04 0.000000000000000000e+00 1.186735922242125347e-04 4.948345325155002820e-05
1.283198299754231719e+00 6.480739675978683390e-02 9.703748181806907958e-03 7.146583367633145036e-03 2.319767121576716933e-03 3.806749371981609040e-03 8.339803311531777605e-03 8.983573301178413928e-04 2.959329044493724505e-05
1.046054414921081976e+00 9.985392264619147307e-02 8.080972851166316751e-03 3.169629590851534128e-03 1.639688697179465457e-03 7.024942059050667733e-04 1.987148467723569290e-03 1.086608355003837066e-03 1.124819755509099881e-04
1.477295782999077378e+00 1.776156106521873668e-01 9.755920087586042108e-03 3.422876567306296167e-03 1.226869301429554500e-03 6.070286096069701931e-03 5.488357573490662208e-03 2.045300969959777670e-02 1.878030253409993010e-03
2.123270508724873995e+00 2.704601681963175741e-01 1.857083830983947276e-02 1.576373259563022822e-02 5.265807012455182672e-03 1.879634767172979823e-02 6.366765287009888002e-03 3.401052810466691917e-03 1.773498638948355632e-01
2.493898414596427582e+00 3.752586526964001301e-01 2.907239360848100709e-02 2.058889562478803323e-02 1.334715581300401684e-03 1.966370793760341060e-02 1.074008474440463212e-02 6.972858642157019581e-03 5.120237908743067046e-04
2.904668506919052984e+00 6.580081474903732852e-01 6.052481011658215893e-02 4.658136621525386933e-02 7.834798779040273720e-03 1.214413855909327739e-02 1.920300826942676620e-02 7.705198847338920465e-02 1.129484443050038783e-01
2.810719819646632978e+00 1.706732990399760341e+00 1.454802680070396426e-01 7.254737255168894339e-02 3.989707751000958619e-02 1.031553317725891587e-02 4.371575283261364131e-02 1.221848208108581857e-01 1.213095162562193713e-02
1.662695934799933051e+00 2.133726439070150693e+00 1.731483816314853819e-01 4.945286050860429883e-02 1.710141352854137667e-02 1.563512087874512763e-02 4.969211733590236588e-03 3.893034611072140449e-03 4.542375261754116671e-05
1.291443801195006458e+00 3.568775973321659745e+00 4.978512471974702591e-01 1.369937449580067024e-01 1.449276286710006988e-02 2.420477984067515714e-02 1.385525728597169874e-02 8.960752421286709291e-03 5.567489888895204306e-04
5.055396096616523449e-01 3.078007638127397083e+00 7.775681198385767656e-01 1.834789487808163588e-01 2.202354621028339635e-02 5.914905991211739239e-02 2.428615906695652180e-02 1.554243900408708128e-02 9.512652089566359451e-03
3.521406121924939847e-01 2.925798957287502056e+00 1.770171930887610268e+00 3.598880023731509392e-01 9.614664529890842859e-02 2.925891963708742924e-02 2.576842362162368866e-02 3.198950643660609244e-02 9.081622683095460320e-04
1.441086009939163970e-01 1.291533445905643340e+00 2.157071161080479360e+00 6.135890984885523647e-01 9.656240204092610135e-02 7.554370276413215068e-02 1.187925308301976575e-02 5.816382965023859930e-02 6.692699709280439157e-04
7.523922568626199847e-02 5.074365859385310262e-01 2.227564441698718589e+00 8.508761074454258555e-01 1.354746869936639952e-01 1.057145658681952205e-01 5.588050731132581522e-02 1.957333309089230242e-02 1.789489721997084525e-03
5.161801976803504638e-02 3.015717781108513407e-01 2.434975271358064131e+00 1.649239248979230021e+00 2.098613475471033663e-01 8.698432499135126672e-02 1.944233876777343162e-02 2.856219969058452351e-02 1.313783611267448992e-03
7.352353923690470305e-02 3.143914688805694024e-01 1.748674182307413227e+00 2.459540039916141563e+00 3.356252917300250327e-01 1.521444805057889371e-01 4.200586052022211442e-02 1.356498664018641054e-01 2.438946297587132883e-02
3.499673406358684569e-02 2.234842036745477434e-01 1.437597702402159117e+00 2.732335116199565928e+00 5.992941334730031988e-01 1.257492263828080548e-01 3.655359438707399961e-02 5.631853658712241556e-02 2.301959320551734531e-05
7.915387926192231360e-02 1.545709288458366748e-01 1.187119916441767398e+00 2.854172178873048971e+00 1.085467189344911265e+00 2.952471570381218768e-01 8.737884003874285543e-02 7.269454562069868619e-02 9.885181807685521072e-02
4.476761923198874921e-02 1.488964722703916277e-01 8.769095713299648320e-01 2.330063346647822886e+00 1.986182136935915166e+00 3.260993312197899563e-01 8.705867788819253439e-02 9.259429543898706205e-02 3.422669651343926422e-02
5.851912604463455764e-02 1.891495238874150719e-01 7.993824866350774938e-01 1.664704163040772844e+00 3.245842829915149164e+00 8.390815330195684485e-01 2.198934425783410362e-01 1.023137091774492941e-01 1.277809271413998023e-03
3.768933408556033454e-02 1.507619488841321076e-01 6.754831943628200053e-01 9.881487118099956390e-01 3.399567783185473147e+00 1.371460570087512210e+00 5.866868959041505738e-01 1.338293855069631888e-01 5.463500953030032536e-04
3.008698073979587315e-02 1.605352894848737222e-01 5.545428956839465462e-01 6.317595890826163130e-01 2.720425181713040264e+00 1.705313954450686786e+00 5.419730621325478115e-01 1.806954175187300560e-01 1.333636001325644695e-03
2.543076626701946258e-02 2.185176183654053417e-01 4.442161039717500426e-01 4.913747264623258837e-01 1.880209733197828026e+00 2.293835329378080878e+00 8.588677416212888716e-01 2.400766804105519681e-01 8.810396249249241585e-02
3.106067502462092622e-02 2.394284816141836192e-01 4.522790627047513223e-01 4.279196888301990409e-01 1.440502562897654659e+00 2.807990993679482905e+00 9.988239714505391387e-01 4.777161550685888325e-01 9.729486768411014369e-03
2.935159559450523439e-02 1.981521341241512524e-01 3.596201062080798261e-01 2.994945363723139908e-01 1.125000357301858767e+00 2.507557337460890157e+00 1.022700851742297967e+00 3.706127782000423476e-01 1.026448211605143421e-02
2.641085703720281661e-02 2.169395646659118271e-01 3.201160788656977618e-01 2.321182289542986221e-01 6.425975569565595125e-01 2.428178314411176153e+00 1.633010811220046099e+00 5.026278069593622666e-01 1.107667432711561123e-01
2.578871819809283594e-02 1.759893815012376073e-01 2.698122926168000091e-01 2.153226331780445091e-01 3.592035951874907873e-01 1.630787267884914904e+00 2.203345460872963013e+00 6.514526258781065948e-01 5.631889695459936507e-02
1.825271918916687806e-03 1.508960145548059462e-01 1.917979557148404846e-01 1.819305630963517495e-01 2.618392487813534508e-01 1.050888699100975154e+00 2.784612338167689938e+00 6.494497681975734960e-01 3.054970742912320111e-02
2.195609896281165013e-02 1.292607001470668093e-01 1.204796383196988507e-01 1.078779663406040923e-01 1.715448509910278696e-01 7.841262827875262742e-01 2.539832923980629431e+00 1.426266831840110605e+00 2.115449357725131818e-01
7.949750595823226046e-03 7.462151376103523526e-02 8.513672272182362666e-02 1.098853124710980900e-01 5.520746929096664868e-02 5.219307152727190591e-01 1.986295185136199182e+00 1.456916675862681032e+00 5.377361630776471557e-01
7.522525423407575018e-03 2.550287101441373397e-02 4.082971081418220599e-02 3.493830048800772303e-02 1.440646637853338664e-02 1.596107388781537184e-01 1.599997220750841942e+00 2.095267184781227421e+00 3.223889728091058893e-01
1.036166518115972345e-02 2.146993394228772362e-02 4.309238939119756223e-02 5.461190476641308855e-02 1.597065494902087310e-02 2.485653602928334094e-01 1.147981568071883229e+00 1.958763781019345673e+00 1.030180526889660664e+00
1.320045090214397657e-02 9.210270516468221924e-03 4.296632203873212291e-02 4.830547487701204734e-02 1.780250699021605071e-03 6.784520696784611393e-02 5.713434962764574188e-01 2.972814224372684055e+00 1.338287078274945419e+00
1.325567395154798878e-02 6.602171953917055150e-03 1.697028823011578758e-02 6.651498016985710193e-02 6.297166670621627549e-03 5.768392111072691980e-02 3.733117566912715901e-01 1.620175993545325932e+00 1.498904641734133181e+00
1.342364644702552165e-02 2.238505980459265434e-03 2.378237749747009761e-03 4.468234146258026271e-03 1.104745557369852388e-04 1.315798198321269097e-01 2.251172700106184588e-01 1.697214486505827402e+00 1.393548983644053108e+00
5.172043591038102441e-03 6.719322904066479243e-04 4.223241928019572621e-03 1.541475475407813080e-02 1.950475469105931864e-05 1.809138165106891332e-03 6.448271170199243452e-02 1.054831994408172990e+00 1.585023453884282452e+00
9.331350829604210390e-03 2.328565749097960200e-03 2.088684046897499712e-03 3.626784179243722379e-03 3.146235821325064647e-04 3.404590571194905484e-03 8.483871529184544569e-02 6.347453431985515815e-01 1.822097710288086425e+00
7.590902970937380909e-03 7.953152221877743617e-04 3.229274009819132780e-03 1.716855113799565721e-02 7.217243178630046658e-04 4.059164808866102224e-03 2.243472019214361873e-02 5.745615519349999145e-01 2.896248772963623708e+00
1.180869548758213539e-02 5.289269061584125583e-05 6.039426596457985949e-04 1.109850591357931099e-02 9.729136089117910050e-06 1.310052558401478100e-02 1.459525880896962941e-03 1.372497938275493989e-01 1.714540766447652631e+00
3.660660817285625070e-03 0.000000000000000000e+00 2.532495569893866748e-04 6.281215630897392705e-06 0.000000000000000000e+00 1.910270358711592051e-03 1.616209800031474450e-02 4.077942636451804825e-02 4.336139069764815002e-01
0.000000000000000000e+00 0.000000000000000000e+00 0.000000000000000000e+00 0.000000000000000000e+00 0.000000000000000000e+00 5.041130289359855822e-05 6.692402791780713983e-03 1.560873712218331932e-01 1.055236437787455683e+00
1.278317048743399242e-02 1.496274315436314797e-05 2.985869034133242284e-04 8.171791968983167331e-05 0.000000000000000000e+00 1.332977629329065369e-03 4.996598522840434674e-03 7.126812828076162232e-02 2.299952545413941785e+00
6.365068347907012862e-03 0.000000000000000000e+00 1.868759514129398887e-04 0.000000000000000000e+00 0.000000000000000000e+00 0.000000000000000000e+00 1.358560657959512967e-04 5.342036377611065340e-03 7.223950070344473673e-01
0.000000000000000000e+00 2.813990704114905086e-05 0.000000000000000000e+00 0.000000000000000000e+00 0.000000000000000000e+00 0.000000000000000000e+00 1.686615078616653910e-04 6.335514883689845334e-02 7.040207539797253000e-01
