1.389710909557244139e-03 3.977015890101527103e-07 0.000000000000000000e+00 1.406194604926383039e-07 0.000000000000000000e+00 0.000000000000000000e+00 0.000000000000000000e+00 0.000000000000000000e+00 0.000000000000000000e+00
1.869148216622009556e-02 2.298274970839590711e-05 2.285726781891899478e-06 1.138618095157198395e-06 3.221586513874045557e-06 2.277613850796792610e-05 0.000000000000000000e+00 5.758711178567584536e-05 4.974715442222185950e-06
3.733030747761607870e-02 1.272595064212403253e-03 6.303352134555031764e-06 2.177531122844556866e-04 3.067619171166128498e-05 1.057140680229710699e-05 0.000000000000000000e+00 5.924296244452596495e-06 2.431379128397869392e-06
6.411533312080425207e-02 3.240366914048631655e-03 4.851874090903454087e-04 3.573291432579397248e-04 1.159883560788358656e-04 1.903374685990804954e-04 4.169884073292503797e-04 4.484683455893343878e-05 1.454072098862313405e-06
5.226637791524394588e-02 4.992691627161024125e-03 4.040486425583158592e-04 1.584814683997865978e-04 8.198443485897328640e-05 3.512471029525334409e-05 9.935700444362381798e-05 5.424450103926869293e-05 5.526823810884202385e-06
7.381346379829696602e-02 8.880772519056275710e-03 4.877960043793021271e-04 1.711438163322383634e-04 6.134346507147773314e-05 3.035143048034851399e-04 2.744167215860819934e-04 1.021033292075217277e-03 9.227738285419250603e-05
1.060897571314958210e-01 1.352299620735850777e-02 9.285419154919737463e-04 7.881865743643219104e-04 2.632903506227591878e-04 9.398173835864901716e-04 3.183369220708623273e-04 1.697837236962131558e-04 8.714120158633006583e-03
1.246082757839691024e-01 1.876291570412835091e-02 1.453619680424050398e-03 1.029444708859416496e-03 6.673577906502010048e-05 9.831853968801707901e-04 5.370019729311697153e-04 3.480915972340599754e-04 2.515838884659790103e-05
1.451325091081348551e-01 3.290037768690727560e-02 3.026240505829108120e-03 2.329068147006528155e-03 3.917399389520137402e-04 6.072069279546639560e-04 9.601463649779963310e-04 3.846507023045778705e-03 5.549743844112039158e-03
1.404383387824048868e-01 8.533657251664701626e-02 7.274013400351982649e-03 3.627368372545136839e-03 1.994853875500479830e-03 5.157766588629458804e-04 2.185778425213555972e-03 6.099580045502274103e-03 5.960566745453942323e-04
8.307703007299996334e-02 1.066862256853358254e-01 8.657419081574269440e-03 2.472642851579350161e-03 8.550706764270690719e-04 7.817560439372564897e-04 2.484595390404994390e-04 1.943439133646878705e-04 2.231904945808085326e-06
6.452732172126031396e-02 1.784386376522192064e-01 2.489256235987351296e-02 6.849686766300670283e-03 7.246381433550036456e-04 1.210238992033758074e-03 6.927599432501696346e-04 4.473291060120735763e-04 2.735597017575152175e-05
2.525941663531362097e-02 1.539002430346933237e-01 3.887840599192884244e-02 9.173946794023045762e-03 1.101177310514169991e-03 2.957452995605870053e-03 1.214302833194154949e-03 7.758930297448290428e-04 4.674060160819017780e-04
1.759479626836315050e-02 1.462898158599572618e-01 8.850859654438052171e-02 1.799439885347612483e-02 4.807332264945422470e-03 1.462945981854371679e-03 1.288415748427612422e-03 1.596945953116699502e-03 4.462273021127783793e-05
7.200423317321763550e-03 6.457661402466167988e-02 1.078535580540239819e-01 3.067945276736341181e-02 4.828120102046306282e-03 3.777185138206608228e-03 5.939601496956269187e-04 2.903592544067152420e-03 3.288471057801372580e-05
3.759347264994029447e-03 2.537180640271129856e-02 1.113782220849359461e-01 4.254380238102780515e-02 6.773734349683201671e-03 5.285728293409761719e-03 2.794013584502687275e-03 9.771190165265299619e-04 8.792692657135701929e-05
2.579107635271718230e-03 1.507857529941050365e-02 1.217487635679032204e-01 8.246195665108314865e-02 1.049306737735516970e-02 4.349216249567564030e-03 9.721128394382388830e-04 1.425851608507318216e-03 6.455301402326436475e-05
3.673622550230566056e-03 1.571955925950539387e-02 8.743370911537066970e-02 1.229769933493272127e-01 1.678126458650125441e-02 7.607224025289448591e-03 2.100284170083729224e-03 6.771767661391295615e-03 1.198381021043809589e-03
1.748620819601166441e-03 1.117420010070301235e-02 7.187988512010795583e-02 1.366167462044910186e-01 2.996470667365016410e-02 6.287461319140404473e-03 1.827672012905760899e-03 2.811473795836464101e-03 1.131072202652936006e-06
3.954943937857514566e-03 7.728539468454679109e-03 5.935599582208837821e-02 1.427085989098486052e-01 5.427335946724557575e-02 1.476235785190609627e-02 4.368923580206174155e-03 3.628979417756483545e-03 4.857103364521560274e-03
2.236825610378398010e-03 7.444816895699105964e-03 4.384547856649824438e-02 1.165031591410848472e-01 9.930910684679578049e-02 1.630496656098950198e-02 4.352915540177162285e-03 4.622393461306258632e-03 1.681735409890327583e-03
2.923923185534678913e-03 9.457467660437578541e-03 3.996912433175387608e-02 8.323520229979358698e-02 1.622921414957574915e-01 4.195407665097843075e-02 1.099462576966303562e-02 5.107595646812401746e-03 6.278540781694463217e-05
1.883157272309200899e-03 7.538090642220691452e-03 3.377415971814100304e-02 4.940743211667630169e-02 1.699783891592736851e-01 6.857302850437561881e-02 2.933422110635844002e-02 6.680887559705465072e-03 2.684501851083520674e-05
1.503303731855550659e-03 8.026757231310134924e-03 2.772714478419733078e-02 3.158797723318849254e-02 1.360212590856520465e-01 8.526569772253435320e-02 2.709853884461683321e-02 9.020483524030358316e-03 6.552846508143800178e-05
1.270654778017981388e-03 1.092587105932526712e-02 2.221080519858750421e-02 2.456873459569506452e-02 9.401048665989142350e-02 1.146917664689040689e-01 4.294320600941749916e-02 1.198485146931193776e-02 4.329005383768052412e-03
1.551954617257548380e-03 1.197141327832057164e-02 2.261395313523756681e-02 2.139598293716405211e-02 7.202512814488275239e-02 1.403995496839741675e-01 4.994098799446847897e-02 2.384803535769058555e-02 4.780602303255132601e-04
1.466560023909997028e-03 9.907597766100093711e-03 1.798100531040399200e-02 1.497472576574669298e-02 5.625001786509294804e-02 1.253778668730445300e-01 5.113482697518935416e-02 1.850133503912498867e-02 5.043473310949433876e-04
1.319625265456257071e-03 1.084696844554825824e-02 1.600580394328489017e-02 1.160591063170642555e-02 3.212987784782798256e-02 1.214089157205588410e-01 8.165019627987177286e-02 2.509164822027913633e-02 5.442545538223083311e-03
1.288539938329057253e-03 8.799461134880004476e-03 1.349061463084000149e-02 1.076613090193840987e-02 1.796017975937454214e-02 8.153936339424576463e-02 1.101668085211471165e-01 3.252112178113565621e-02 2.767239988157332766e-03
9.120018093836873357e-05 7.544793919705690237e-03 9.589897785742025269e-03 9.096527515243145109e-03 1.309196243906767497e-02 5.254443495504876327e-02 1.392300298397151914e-01 3.242113726046371575e-02 1.501065833951368243e-03
1.097042132384084276e-03 6.463029175447689706e-03 6.023981915984942710e-03 5.393897937786667693e-03 8.577242549551394521e-03 3.920631413937632204e-02 1.269911107362259317e-01 7.120056852659865931e-02 1.039430168587607457e-02
3.972113334128794609e-04 3.731072321323690086e-03 4.256836136091181680e-03 5.494265237254569202e-03 2.760373464548332954e-03 2.609653576363596059e-02 9.931434049414947229e-02 7.273063728438018682e-02 2.642177127059720451e-02
3.758649177791705378e-04 1.275142400097663492e-03 2.041485540709110300e-03 1.746914901575261731e-03 7.203233189266695057e-04 7.980536943907688002e-03 7.999952371653465399e-02 1.045976891849037249e-01 1.584064506834180833e-02
5.177232660794003644e-04 1.073495728446964906e-03 2.154619469559878372e-03 2.730595046333239052e-03 7.985327474510437850e-04 1.242826801464167255e-02 5.739883637923683113e-02 9.778331214360169721e-02 5.061812114907283250e-02
6.595639248414543422e-04 4.605131102800277994e-04 2.148316101936606232e-03 2.415273574033356338e-03 8.901253495108026709e-05 3.392260348392306564e-03 2.856705435976128818e-02 1.484056546601534021e-01 6.575699665464117272e-02
6.623231587097995693e-04 3.301082998230741011e-04 8.485144115057894872e-04 3.325748774660338813e-03 3.148583335310814425e-04 2.884196055536346684e-03 1.866550913074070672e-02 8.088069446636757254e-02 7.364897196734949969e-02
6.707159476534394491e-04 1.119251980274119291e-04 1.189118874873504962e-04 2.234116916048843843e-04 5.523727786849263125e-06 6.578990991606347219e-03 1.125581603995828676e-02 8.472652778084163727e-02 6.847230115505491266e-02
2.584224884168258773e-04 3.359658420449999699e-05 2.111620964009786527e-04 7.707376835135439043e-04 9.752377345529660593e-07 9.045690825534458016e-05 3.224121990467711252e-03 5.265819552503436807e-02 7.788043660179740091e-02
4.662433444789903917e-04 1.164281823960848120e-04 1.044342023448749965e-04 1.813391962122752209e-04 1.573117910662532595e-05 1.702295285597453013e-04 4.241917878385632890e-03 3.168707867029350173e-02 8.952912643697170936e-02
3.792814195300665326e-04 3.976572522684024746e-05 1.614637004909566444e-04 8.584274965439727539e-04 3.608621589315024006e-05 2.029582404433051491e-04 1.121731279784954479e-03 2.868264776130115268e-02 1.423077484393454883e-01
5.900245075554385156e-04 2.644632144411817870e-06 3.019713298228992975e-05 5.549252566623175424e-04 4.864568044558956084e-07 6.550262792007392016e-04 7.297598633885081661e-05 6.851637528492615821e-03 8.424429501992219960e-02
1.829058593574320280e-04 0.000000000000000000e+00 1.266247784946933408e-05 3.140607594633407284e-07 0.000000000000000000e+00 9.551351793557961609e-05 8.081014926253310242e-04 2.035746941963343434e-03 2.130570390563128400e-02
0.000000000000000000e+00 0.000000000000000000e+00 0.000000000000000000e+00 0.000000000000000000e+00 0.000000000000000000e+00 2.520565144679928419e-06 3.346187286565523731e-04 7.792026935435766681e-03 5.184924821876631812e-02
6.387144015845717731e-04 7.481364826382122980e-07 1.492934517066621312e-05 4.085895697213338040e-06 0.000000000000000000e+00 6.664888146645328473e-05 2.498288727291622202e-04 3.557771335725517202e-03 1.130086169774306148e-01
3.180322772722715967e-04 0.000000000000000000e+00 9.343797570646994772e-06 0.000000000000000000e+00 0.000000000000000000e+00 0.000000000000000000e+00 6.792774647807199145e-06 2.666794310044775227e-04 3.549501959035911147e-02
0.000000000000000000e+00 1.406994082458241819e-06 0.000000000000000000e+00 0.000000000000000000e+00 0.000000000000000000e+00 0.000000000000000000e+00 8.433039834852910357e-06 3.162748032536548490e-03 3.459219708219568590e-02
