0 7.22580692e-06
1 5.85636552e-06
2 4.62077480e-06
3 3.55734944e-06
4 2.68712220e-06
5 2.00930766e-06
6 1.50231067e-06
7 1.13167790e-06
8 8.60448717e-07
9 6.57075930e-07
10 4.98932311e-07
11 3.72064639e-07
12 2.68989668e-07
13 1.86082616e-07
14 1.21436171e-07
15 1.23971163e-05
16 9.90253661e-06
17 7.68991842e-06
18 5.83272753e-06
19 4.35973886e-06
20 3.24919507e-06
21 2.44031768e-06
22 1.85666927e-06
23 1.42731259e-06
24 1.09838388e-06
25 8.35308339e-07
26 6.19237950e-07
27 4.41534047e-07
28 2.98708264e-07
29 1.88767900e-07
30 1.30527737e-05
31 1.04261231e-05
32 8.08011209e-06
33 6.10694412e-06
34 4.54643669e-06
35 3.37786419e-06
36 2.53452974e-06
37 1.93174556e-06
38 1.49124846e-06
39 1.15413738e-06
40 8.83134616e-07
41 6.58472544e-07
42 4.71706559e-07
43 3.20074980e-07
44 2.02296639e-07
45 1.34671054e-05
46 1.07552403e-05
47 8.32561636e-06
48 6.28076526e-06
49 4.66631655e-06
50 3.46167944e-06
51 2.59641907e-06
52 1.98089372e-06
53 1.53252092e-06
54 1.18946277e-06
55 9.12879644e-07
56 6.82474975e-07
57 4.89907912e-07
58 3.32812140e-07
59 2.10280815e-07
60 1.37586536e-05
61 1.09867602e-05
62 8.49838837e-06
63 6.40322070e-06
64 4.75090023e-06
65 3.52090429e-06
66 2.64017665e-06
67 2.01561446e-06
68 1.56162148e-06
69 1.21431200e-06
70 9.33757206e-07
71 6.99290374e-07
72 5.02640101e-07
73 3.41711716e-07
74 2.15856010e-07
75 1.39923764e-05
76 1.11723606e-05
77 8.63689349e-06
78 6.50138964e-06
79 4.81870922e-06
80 3.56838407e-06
81 2.67525659e-06
82 2.04344944e-06
83 1.58495052e-06
84 1.23423252e-06
85 9.50493556e-07
86 7.12770151e-07
87 5.12846545e-07
88 3.48845797e-07
89 2.20325181e-07
90 1.41982240e-05
91 1.13358252e-05
92 8.75887965e-06
93 6.58785037e-06
94 4.87843093e-06
95 3.61020117e-06
96 2.70615273e-06
97 2.06796468e-06
98 1.60549720e-06
99 1.25177720e-06
100 9.65233820e-07
101 7.24642235e-07
102 5.21835694e-07
103 3.55129013e-07
104 2.24261322e-07
105 1.44172569e-05
106 1.15097866e-05
107 8.88863967e-06
108 6.67972405e-06
109 4.94179803e-06
110 3.65450837e-06
111 2.73886938e-06
112 2.09394216e-06
113 1.62730543e-06
114 1.27043577e-06
115 9.80938445e-07
116 7.37309893e-07
117 5.31438112e-07
118 3.61846191e-07
119 2.28470755e-07
120 3.57110126e-05
121 2.75644049e-05
122 2.09007025e-05
123 1.57183478e-05
124 1.18468622e-05
125 9.01557794e-06
126 6.93503689e-06
127 5.36056501e-06
128 4.11935991e-06
129 3.10772500e-06
130 2.27308948e-06
131 1.59268972e-06
132 1.05602892e-06
133 6.53491395e-07
134 3.70899399e-07
135 4.43062042e-05
136 3.40167407e-05
137 2.57250707e-05
138 1.93609971e-05
139 1.46464437e-05
140 1.12022371e-05
141 8.65304450e-06
142 6.69862751e-06
143 5.13705400e-06
144 3.85320610e-06
145 2.79217920e-06
146 1.93151103e-06
147 1.25979742e-06
148 7.63631936e-07
149 4.22343150e-07
150 4.88168353e-05
151 3.73935455e-05
152 2.82358780e-05
153 2.12442621e-05
154 1.60863735e-05
155 1.23250730e-05
156 9.53756278e-06
157 7.39202494e-06
158 5.66945531e-06
159 4.24777012e-06
160 3.07059969e-06
161 2.11594146e-06
162 1.37253198e-06
163 8.25596730e-07
164 4.51864085e-07
165 5.19753775e-05
166 3.97582580e-05
167 2.99944739e-05
168 2.25636571e-05
169 1.70954084e-05
170 1.31120045e-05
171 1.01574599e-05
172 7.87790048e-06
173 6.04241343e-06
174 4.52406624e-06
175 3.26547617e-06
176 2.24496198e-06
177 1.45134799e-06
178 8.68879673e-07
179 4.72499099e-07
180 5.45105764e-05
181 4.16564406e-05
182 3.14062827e-05
183 2.36229965e-05
184 1.79056199e-05
185 1.37438763e-05
186 1.06551709e-05
187 8.26795046e-06
188 6.34175978e-06
189 4.74578183e-06
190 3.42182071e-06
191 2.34844802e-06
192 1.51455092e-06
193 9.03582734e-07
194 4.89037384e-07
195 5.67434320e-05
196 4.33282515e-05
197 3.26497252e-05
198 2.45560048e-05
199 1.86192103e-05
200 1.43003946e-05
201 1.10935271e-05
202 8.61148411e-06
203 6.60540623e-06
204 4.94105521e-06
205 3.55951895e-06
206 2.43959164e-06
207 1.57021574e-06
208 9.34146789e-07
209 5.03603069e-07
210 5.91471533e-05
211 4.51277974e-05
212 3.39880903e-05
213 2.55602464e-05
214 1.93873364e-05
215 1.48995026e-05
216 1.15654697e-05
217 8.98135537e-06
218 6.88926348e-06
219 5.15128423e-06
220 3.70774386e-06
221 2.53768220e-06
222 1.63010381e-06
223 9.67012492e-07
224 5.19252171e-07
225 6.34184705e-05
226 4.84345863e-05
227 3.66900028e-05
228 2.78325240e-05
229 2.12886745e-05
230 1.64403739e-05
231 1.27519619e-05
232 9.83570856e-06
233 7.45385338e-06
234 5.48336666e-06
235 3.87066364e-06
236 2.59189673e-06
237 1.62606526e-06
238 9.41646737e-07
239 4.96822687e-07
240 7.49736887e-05
241 5.71754149e-05
242 4.33610608e-05
243 3.30024600e-05
244 2.53488172e-05
245 1.96413882e-05
246 1.52515474e-05
247 1.17417858e-05
248 8.85459678e-06
249 6.46297724e-06
250 4.51407529e-06
251 2.98253041e-06
252 1.84053636e-06
253 1.04462202e-06
254 5.40049548e-07
255 8.26817441e-05
256 6.29932306e-05
257 4.77897456e-05
258 3.64274192e-05
259 2.80362548e-05
260 2.17615972e-05
261 1.69106802e-05
262 1.30111614e-05
263 9.79140532e-06
264 7.12143316e-06
265 4.94904715e-06
266 3.24835187e-06
267 1.98757394e-06
268 1.11567716e-06
269 5.70525896e-07
270 8.88577797e-05
271 6.76544915e-05
272 5.13378888e-05
273 3.91713610e-05
274 3.01893550e-05
275 2.34603233e-05
276 1.82400753e-05
277 1.40283396e-05
278 1.05421533e-05
279 7.64915681e-06
280 5.29768613e-06
281 3.46142889e-06
282 2.10543934e-06
283 1.17264819e-06
284 5.94963518e-07
285 9.42996880e-05
286 7.17618285e-05
287 5.44644981e-05
288 4.15893696e-05
289 3.20867111e-05
290 2.49572481e-05
291 1.94114999e-05
292 1.49246010e-05
293 1.12036152e-05
294 8.11408655e-06
295 5.60481780e-06
296 3.64912329e-06
297 2.20925613e-06
298 1.22282609e-06
299 6.16479683e-07
300 1.00174829e-04
301 7.61960760e-05
302 5.78401205e-05
303 4.42001994e-05
304 3.41355722e-05
305 2.65738098e-05
306 2.06765609e-05
307 1.58924549e-05
308 1.19178327e-05
309 8.61600602e-06
310 5.93629769e-06
311 3.85162159e-06
312 2.32119948e-06
313 1.27688408e-06
314 6.39634237e-07
315 9.54167447e-05
316 7.28352233e-05
317 5.55134558e-05
318 4.25615523e-05
319 3.29166140e-05
320 2.56003869e-05
321 1.98554382e-05
322 1.51859636e-05
323 1.13186867e-05
324 8.12791743e-06
325 5.56155155e-06
326 3.58493116e-06
327 2.14871465e-06
328 1.18126329e-06
329 5.87843479e-07
330 1.10098303e-04
331 8.41072834e-05
332 6.42787544e-05
333 4.94646114e-05
334 3.83817785e-05
335 2.98987411e-05
336 2.31690922e-05
337 1.76574426e-05
338 1.30802820e-05
339 9.31296629e-06
340 6.30331846e-06
341 4.00900034e-06
342 2.36413755e-06
343 1.27686253e-06
344 6.19297151e-07
345 1.21602240e-04
346 9.29283234e-05
347 7.11303156e-05
348 5.48571149e-05
349 4.26513186e-05
350 3.32593136e-05
351 2.57633438e-05
352 1.95959471e-05
353 1.44651142e-05
354 1.02470179e-05
355 6.88975101e-06
356 4.34544514e-06
357 2.53566246e-06
358 1.35338947e-06
359 6.45080883e-07
360 1.31727168e-04
361 1.00691585e-04
362 7.71600504e-05
363 5.96027416e-05
364 4.64087484e-05
365 3.62169237e-05
366 2.80466616e-05
367 2.13022421e-05
368 1.56841655e-05
369 1.10693301e-05
370 7.40608173e-06
371 4.64170337e-06
372 2.68670867e-06
373 1.42080225e-06
374 6.67805390e-07
375 1.42675739e-04
376 1.09086708e-04
377 8.36810913e-05
378 6.47355251e-05
379 5.04729985e-05
380 3.94161120e-05
381 3.05163931e-05
382 2.31476670e-05
383 1.70024120e-05
384 1.19583539e-05
385 7.96412384e-06
386 4.96174912e-06
387 2.84977087e-06
388 1.49350109e-06
389 6.92250107e-07
390 1.33615398e-04
391 1.02412195e-04
392 7.87039542e-05
393 6.09248444e-05
394 4.74695858e-05
395 3.70033210e-05
396 2.85748005e-05
397 2.16116370e-05
398 1.58278063e-05
399 1.11031629e-05
400 7.38009788e-06
401 4.59403082e-06
402 2.64239821e-06
403 1.39268636e-06
404 6.40786308e-07
405 1.53050025e-04
406 1.17568808e-04
407 9.06644550e-05
408 7.04310568e-05
409 5.50033538e-05
410 4.28839753e-05
411 3.30389204e-05
412 2.48674099e-05
413 1.80820314e-05
414 1.25658893e-05
415 8.25570188e-06
416 5.06707868e-06
417 2.86628881e-06
418 1.48471319e-06
419 6.55968675e-07
420 1.69971911e-04
421 1.30757732e-04
422 1.01067838e-04
423 7.86987464e-05
424 6.15570583e-05
425 4.80023309e-05
426 3.69274040e-05
427 2.77061698e-05
428 2.00498378e-05
429 1.38445036e-05
430 9.02230317e-06
431 5.48200013e-06
432 3.06297672e-06
433 1.56601167e-06
434 6.69849907e-07
435 1.88277928e-04
436 1.45025850e-04
437 1.12323173e-04
438 8.76441286e-05
439 6.86483706e-05
440 5.35407073e-05
441 4.11349456e-05
442 3.07777004e-05
443 2.21787886e-05
444 1.52276009e-05
445 9.85133868e-06
446 5.93053115e-06
447 3.27544906e-06
448 1.65375454e-06
449 6.84715258e-07
450 1.83139477e-04
451 1.41344589e-04
452 1.09616345e-04
453 8.55585709e-05
454 6.69614786e-05
455 5.21333246e-05
456 3.99555129e-05
457 2.98096309e-05
458 2.14162711e-05
459 1.46607865e-05
460 9.45996713e-06
461 5.68427869e-06
462 3.14249458e-06
463 1.58207318e-06
464 6.50770821e-07
465 2.10657291e-04
466 1.63128092e-04
467 1.26996591e-04
468 9.94297075e-05
469 7.79134286e-05
470 6.05866827e-05
471 4.62588499e-05
472 3.42978481e-05
473 2.44316875e-05
474 1.65462278e-05
475 1.05376692e-05
476 6.23288419e-06
477 3.38748433e-06
478 1.66423711e-06
479 6.43698036e-07
480 2.40319278e-04
481 1.86605505e-04
482 1.45727695e-04
483 1.14380146e-04
484 8.97195896e-05
485 6.97015799e-05
486 5.30574405e-05
487 3.91402644e-05
488 2.76861900e-05
489 1.85818821e-05
490 1.17016369e-05
491 6.82552985e-06
492 3.65216473e-06
493 1.75323971e-06
494 6.36139276e-07
495 2.53572624e-04
496 1.97502538e-04
497 1.54609850e-04
498 1.21475464e-04
499 9.52113328e-05
500 7.37756469e-05
501 5.59211021e-05
502 4.10221084e-05
503 2.88224778e-05
504 1.91961603e-05
505 1.19855681e-05
506 6.92817664e-06
507 3.68134714e-06
508 1.72711888e-06
509 6.04272945e-07
510 3.02451401e-04
511 2.36719604e-04
512 1.86127020e-04
513 1.46616173e-04
514 1.14897119e-04
515 8.87393005e-05
516 6.68403944e-05
517 4.85851685e-05
518 3.37334042e-05
519 2.21404428e-05
520 1.35814556e-05
521 7.68846536e-06
522 3.99752177e-06
523 1.78629915e-06
524 5.56626765e-07
525 3.88662333e-04
526 3.06620464e-04
527 2.42467347e-04
528 1.91328418e-04
529 1.49468469e-04
530 1.14513980e-04
531 8.51726253e-05
532 6.08815372e-05
533 4.14075109e-05
534 2.65184271e-05
535 1.58061683e-05
536 8.67876750e-06
537 4.33612458e-06
538 1.75906740e-06
539 4.36555296e-07
540 1.23291556e-06
541 1.24837211e-06
542 1.24589354e-06
543 1.21480356e-06
544 1.14742041e-06
545 1.04295917e-06
546 9.08642696e-07
547 7.58538828e-07
548 6.09275504e-07
549 4.74854498e-07
550 3.63418261e-07
551 2.76881088e-07
552 2.12604060e-07
553 1.65716597e-07
554 1.31064792e-07
555 2.24910443e-06
556 2.29156885e-06
557 2.29426492e-06
558 2.23120111e-06
559 2.08728555e-06
560 1.86605927e-06
561 1.59064352e-06
562 1.29632345e-06
563 1.01783183e-06
564 7.79201439e-07
565 5.90379178e-07
566 4.49540722e-07
567 3.47979301e-07
568 2.74822367e-07
569 2.20203910e-07
570 2.24202810e-06
571 2.31539626e-06
572 2.35154912e-06
573 2.31626059e-06
574 2.18759893e-06
575 1.96667807e-06
576 1.67941100e-06
577 1.36678297e-06
578 1.06912716e-06
579 8.14211375e-07
580 6.13541007e-07
581 4.65217016e-07
582 3.59582362e-07
583 2.84549923e-07
584 2.29096796e-07
585 2.25184253e-06
586 2.34219311e-06
587 2.39624301e-06
588 2.37517441e-06
589 2.25339309e-06
590 2.03087563e-06
591 1.73529714e-06
592 1.41097556e-06
593 1.10144511e-06
594 8.36559493e-07
595 6.28646129e-07
596 4.75696688e-07
597 3.67459048e-07
598 2.91118314e-07
599 2.34977508e-07
600 2.25993123e-06
601 2.36197084e-06
602 2.42832001e-06
603 2.41698529e-06
604 2.29983988e-06
605 2.07607793e-06
606 1.77460454e-06
607 1.44205716e-06
608 1.12419522e-06
609 8.52319984e-07
610 6.39326366e-07
611 4.83125987e-07
612 3.73049781e-07
613 2.95774927e-07
614 2.39135087e-07
615 2.26642228e-06
616 2.37783085e-06
617 2.45403811e-06
618 2.45050518e-06
619 2.33707512e-06
620 2.11231494e-06
621 1.80611566e-06
622 1.46697403e-06
623 1.14243322e-06
624 8.64954820e-07
625 6.47888636e-07
626 4.89082109e-07
627 3.77531936e-07
628 2.99508145e-07
629 2.42468143e-07
630 2.27213941e-06
631 2.39179948e-06
632 2.47668906e-06
633 2.48002736e-06
634 2.36986951e-06
635 2.14423012e-06
636 1.83386857e-06
637 1.48891916e-06
638 1.15849605e-06
639 8.76082754e-07
640 6.55429727e-07
641 4.94327876e-07
642 3.81479530e-07
643 3.02796124e-07
644 2.45403684e-07
645 2.27756425e-06
646 2.40614534e-06
647 2.50043923e-06
648 2.51124725e-06
649 2.40469205e-06
650 2.17818629e-06
651 1.86341869e-06
652 1.51228255e-06
653 1.17558137e-06
654 8.87899004e-07
655 6.63418688e-07
656 4.99872450e-07
657 3.85647652e-07
658 3.06271248e-07
659 2.48513521e-07
660 9.34913004e-06
661 9.17806890e-06
662 8.71553085e-06
663 7.94946907e-06
664 6.93633676e-06
665 5.79168375e-06
666 4.64999562e-06
667 3.62324565e-06
668 2.77579907e-06
669 2.12205523e-06
670 1.64023159e-06
671 1.29099846e-06
672 1.03308532e-06
673 8.32661432e-07
674 6.66870555e-07
675 1.23486718e-05
676 1.20380998e-05
677 1.13211719e-05
678 1.02066757e-05
679 8.79600990e-06
680 7.25875117e-06
681 5.77217982e-06
682 4.47004805e-06
683 3.41848185e-06
684 2.62053039e-06
685 2.03789442e-06
686 1.61542280e-06
687 1.29978545e-06
688 1.04963866e-06
689 8.38867434e-07
690 1.38430627e-05
691 1.34855473e-05
692 1.26592030e-05
693 1.13797309e-05
694 9.77064624e-06
695 8.03086593e-06
696 6.36250931e-06
697 4.91324385e-06
698 3.75193797e-06
699 2.87665525e-06
700 2.24070112e-06
701 1.78044764e-06
702 1.43584439e-06
703 1.16111977e-06
704 9.28368706e-07
705 1.48918507e-05
706 1.45008367e-05
707 1.35972001e-05
708 1.22016521e-05
709 1.04532752e-05
710 8.57152185e-06
711 6.77584694e-06
712 5.22359593e-06
713 3.98550611e-06
714 3.05611979e-06
715 2.38285151e-06
716 1.89613731e-06
717 1.53122695e-06
718 1.23925636e-06
719 9.91088690e-07
720 1.57343462e-05
721 1.53161652e-05
722 1.43502615e-05
723 1.28613983e-05
724 1.10011530e-05
725 9.00543955e-06
726 7.10759926e-06
727 5.47272160e-06
728 4.17302870e-06
729 3.20023000e-06
730 2.49701147e-06
731 1.98904797e-06
732 1.60782188e-06
733 1.30199268e-06
734 1.04143209e-06
735 1.64763732e-05
736 1.60342620e-05
737 1.50135148e-05
738 1.34424638e-05
739 1.14836911e-05
740 9.38760843e-06
741 7.39978729e-06
742 5.69213732e-06
743 4.33818830e-06
744 3.32715462e-06
745 2.59755761e-06
746 2.07087881e-06
747 1.67528258e-06
748 1.35724733e-06
749 1.08577159e-06
750 1.72758014e-05
751 1.68078856e-05
752 1.57279949e-05
753 1.40683246e-05
754 1.20033393e-05
755 9.79909207e-06
756 7.71433487e-06
757 5.92831499e-06
758 4.51595632e-06
759 3.46377336e-06
760 2.70579386e-06
761 2.15897920e-06
762 1.74791939e-06
763 1.41674466e-06
764 1.13351637e-06
765 2.03506946e-05
766 1.93556854e-05
767 1.76957816e-05
768 1.54982000e-05
769 1.30063008e-05
770 1.05079754e-05
771 8.24432220e-06
772 6.35912495e-06
773 4.89152766e-06
774 3.80096898e-06
775 3.00539329e-06
776 2.41512800e-06
777 1.95475971e-06
778 1.57249820e-06
779 1.24101160e-06
780 2.52791280e-05
781 2.38321064e-05
782 2.15703604e-05
783 1.86985242e-05
784 1.55454407e-05
785 1.24666433e-05
786 9.73752102e-06
787 7.50469388e-06
788 5.78916872e-06
789 4.52337218e-06
790 3.59889891e-06
791 2.90569710e-06
792 2.35563074e-06
793 1.89126454e-06
794 1.48471667e-06
795 2.85302069e-05
796 2.68002893e-05
797 2.41506420e-05
798 2.08363834e-05
799 1.72442362e-05
800 1.37767837e-05
801 1.07343075e-05
802 8.26681693e-06
803 6.38403609e-06
804 5.00061688e-06
805 3.99044260e-06
806 3.22953811e-06
807 2.62088535e-06
808 2.10296537e-06
809 1.64750947e-06
810 3.11352144e-05
811 2.91787792e-05
812 2.62183681e-05
813 2.25495808e-05
814 1.86055542e-05
815 1.48266043e-05
816 1.15329802e-05
817 8.87741783e-06
818 6.86060248e-06
819 5.38293951e-06
820 4.30411346e-06
821 3.48898471e-06
822 2.83340917e-06
823 2.27261055e-06
824 1.77795500e-06
825 3.34307953e-05
826 3.12745996e-05
827 2.80402620e-05
828 2.40590501e-05
829 1.98049798e-05
830 1.57515923e-05
831 1.22367115e-05
832 9.41546326e-06
833 7.28056331e-06
834 5.71986363e-06
835 4.58054057e-06
836 3.71762132e-06
837 3.02068734e-06
838 2.42209375e-06
839 1.89288870e-06
840 3.59113123e-05
841 3.35389475e-05
842 3.00083168e-05
843 2.56893050e-05
844 2.11001419e-05
845 1.67502631e-05
846 1.29964399e-05
847 9.99632716e-06
848 7.73398677e-06
849 6.08368387e-06
850 4.87907359e-06
851 3.96456288e-06
852 3.22296289e-06
853 2.58353964e-06
854 2.01700656e-06
855 3.48142275e-05
856 3.22231655e-05
857 2.86198130e-05
858 2.43821170e-05
859 1.99868157e-05
860 1.58806852e-05
861 1.23644275e-05
862 9.56053469e-06
863 7.44008918e-06
864 5.88047791e-06
865 4.72692155e-06
866 3.83778420e-06
867 3.10857263e-06
868 2.47882605e-06
869 1.91657383e-06
870 4.16930247e-05
871 3.82521879e-05
872 3.36696604e-05
873 2.84467204e-05
874 2.31624493e-05
875 1.83250408e-05
876 1.42501944e-05
877 1.10412448e-05
878 8.63276747e-06
879 6.86273958e-06
880 5.54361783e-06
881 4.51178800e-06
882 3.65169901e-06
883 2.90154216e-06
884 2.22496831e-06
885 4.70731267e-05
886 4.29776093e-05
887 3.76337635e-05
888 3.16400731e-05
889 2.56574059e-05
890 2.02438179e-05
891 1.57281262e-05
892 1.21994516e-05
893 9.56404671e-06
894 7.62893534e-06
895 6.18062836e-06
896 5.03794252e-06
897 4.07628429e-06
898 3.23284487e-06
899 2.46718153e-06
900 5.18084569e-05
901 4.71369830e-05
902 4.11231472e-05
903 3.44510335e-05
904 2.78535554e-05
905 2.19327101e-05
906 1.70288969e-05
907 1.32187448e-05
908 1.03835805e-05
909 8.30317686e-06
910 6.74119642e-06
911 5.50097910e-06
912 4.44995971e-06
913 3.52445598e-06
914 2.68038548e-06
915 5.69324780e-05
916 5.16370648e-05
917 4.48977082e-05
918 3.74912133e-05
919 3.02284586e-05
920 2.37589207e-05
921 1.84354303e-05
922 1.43210048e-05
923 1.12699389e-05
924 9.03249378e-06
925 7.34761115e-06
926 6.00190134e-06
927 4.85419572e-06
928 3.83988557e-06
929 2.91096205e-06
930 5.31431083e-05
931 4.80425849e-05
932 4.17036395e-05
933 3.48260694e-05
934 2.81245182e-05
935 2.21674072e-05
936 1.72606986e-05
937 1.34548803e-05
938 1.06159195e-05
939 8.51758192e-06
940 6.92429245e-06
941 5.64420389e-06
942 4.55174060e-06
943 3.58648408e-06
944 2.70899043e-06
945 6.25917941e-05
946 5.60999658e-05
947 4.83048196e-05
948 4.00657079e-05
949 3.22038721e-05
950 2.53330222e-05
951 1.97482562e-05
952 1.54551911e-05
953 1.22630672e-05
954 9.89324358e-06
955 8.07142893e-06
956 6.58346717e-06
957 5.29660916e-06
958 4.15037966e-06
959 3.10724315e-06
960 7.08245601e-05
961 6.31260374e-05
962 5.40637559e-05
963 4.46371865e-05
964 3.57618350e-05
965 2.80920443e-05
966 2.19142156e-05
967 1.71952210e-05
968 1.36949032e-05
969 1.10887888e-05
970 9.06858437e-06
971 7.40040528e-06
972 5.94501694e-06
973 4.64194059e-06
974 3.45458250e-06
975 7.97355359e-05
976 7.07300995e-05
977 6.02956341e-05
978 4.95834188e-05
979 3.96110148e-05
980 3.10766728e-05
981 2.42572644e-05
982 1.90776153e-05
983 1.52440291e-05
984 1.23823925e-05
985 1.01476067e-05
986 8.28444669e-06
987 6.64668694e-06
988 5.17385467e-06
989 3.83037802e-06
990 7.72593753e-05
991 6.83653656e-05
992 5.82160677e-05
993 4.78866844e-05
994 3.83138909e-05
995 3.01347618e-05
996 2.35942009e-05
997 1.86110668e-05
998 1.49027380e-05
999 1.21140741e-05
1000 9.92000228e-06
1001 8.08228217e-06
1002 6.46800793e-06
1003 5.01037306e-06
1004 3.70629341e-06
1005 9.05866275e-05
1006 7.94877741e-05
1007 6.71972924e-05
1008 5.49787098e-05
1009 4.38659201e-05
1010 3.45117182e-05
1011 2.71122721e-05
1012 2.15065235e-05
1013 1.73287312e-05
1014 1.41554527e-05
1015 1.16170681e-05
1016 9.45508403e-06
1017 7.53782073e-06
1018 5.79140053e-06
1019 4.25065671e-06
1020 1.04968747e-04
1021 9.14915755e-05
1022 7.68896885e-05
1023 6.26308063e-05
1024 4.98545300e-05
1025 3.92310841e-05
1026 3.09042226e-05
1027 2.46266236e-05
1028 1.99427170e-05
1029 1.63551768e-05
1030 1.34461292e-05
1031 1.09350389e-05
1032 8.69159288e-06
1033 6.63401006e-06
1034 4.83793561e-06
1035 1.10742391e-04
1036 9.60632241e-05
1037 8.04852753e-05
1038 6.54909195e-05
1039 5.21884326e-05
1040 4.11972807e-05
1041 3.26044159e-05
1042 2.61132499e-05
1043 2.12333470e-05
1044 1.74487069e-05
1045 1.43376720e-05
1046 1.16276657e-05
1047 9.19743902e-06
1048 6.96829389e-06
1049 5.06492311e-06
1050 1.33386649e-04
1051 1.14664422e-04
1052 9.54060057e-05
1053 7.73224089e-05
1054 6.15912713e-05
1055 4.87856611e-05
1056 3.88653833e-05
1057 3.13808075e-05
1058 2.57032193e-05
1059 2.12159602e-05
1060 1.74428163e-05
1061 1.40998534e-05
1062 1.10741183e-05
1063 8.29626209e-06
1064 5.98142838e-06
1065 1.70042625e-04
1066 1.44534030e-04
1067 1.19441971e-04
1068 9.66700564e-05
1069 7.73534963e-05
1070 6.18877605e-05
1071 4.99735117e-05
1072 4.09022090e-05
1073 3.38404537e-05
1074 2.80454415e-05
1075 2.29964199e-05
1076 1.84379040e-05
1077 1.42459649e-05
1078 1.05024508e-05
1079 7.47455377e-06
1080 0.00000000e+00
1081 0.00000000e+00
1082 0.00000000e+00
1083 0.00000000e+00
1084 1.03946828e-04
1085 8.22036843e-05
1086 6.24982812e-05
1087 4.64660327e-05
1088 3.45029849e-05
1089 2.61067315e-05
1090 2.03663531e-05
1091 1.63541253e-05
1092 1.33376229e-05
1093 1.08412628e-05
1094 8.62311932e-06
1095 0.00000000e+00
1096 0.00000000e+00
1097 0.00000000e+00
1098 0.00000000e+00
1099 4.86920772e-04
1100 3.70638681e-04
1101 2.80114531e-04
1102 2.13870037e-04
1103 1.66942105e-04
1104 1.33438178e-04
1105 1.08241898e-04
1106 8.77607210e-05
1107 6.99637129e-05
1108 5.40447354e-05
1109 3.99504872e-05
1110 0.00000000e+00
1111 0.00000000e+00
1112 0.00000000e+00
1113 0.00000000e+00
1114 6.75611001e-04
1115 5.13074316e-04
1116 3.89350765e-04
1117 3.00000082e-04
1118 2.36726215e-04
1119 1.90848314e-04
1120 1.55362406e-04
1121 1.25670274e-04
1122 9.94092742e-05
1123 7.58515885e-05
1124 5.51418200e-05
1125 0.00000000e+00
1126 0.00000000e+00
1127 0.00000000e+00
1128 0.00000000e+00
1129 7.80683382e-04
1130 5.92410322e-04
1131 4.50169943e-04
1132 3.47912201e-04
1133 2.75506654e-04
1134 2.22726992e-04
1135 1.81516807e-04
1136 1.46712750e-04
1137 1.15761345e-04
1138 8.79723927e-05
1139 6.35962571e-05
1140 0.00000000e+00
1141 0.00000000e+00
1142 0.00000000e+00
1143 0.00000000e+00
1144 8.53734865e-04
1145 6.47560157e-04
1146 4.92437777e-04
1147 3.81201657e-04
1148 3.02446696e-04
1149 2.44871373e-04
1150 1.99686233e-04
1151 1.61333614e-04
1152 1.27126194e-04
1153 9.63992093e-05
1154 6.94766564e-05
1155 0.00000000e+00
1156 0.00000000e+00
1157 0.00000000e+00
1158 0.00000000e+00
1159 9.12292803e-04
1160 6.91768073e-04
1161 5.26319437e-04
1162 4.07886234e-04
1163 3.24041602e-04
1164 2.62622118e-04
1165 2.14250708e-04
1166 1.73053616e-04
1167 1.36236220e-04
1168 1.03154143e-04
1169 7.41903970e-05
1170 0.00000000e+00
1171 0.00000000e+00
1172 0.00000000e+00
1173 0.00000000e+00
1174 9.63866463e-04
1175 7.30703257e-04
1176 5.56159989e-04
1177 4.31388108e-04
1178 3.43060856e-04
1179 2.78255708e-04
1180 2.27078060e-04
1181 1.83375758e-04
1182 1.44259682e-04
1183 1.09103407e-04
1184 7.83419236e-05
1185 0.00000000e+00
1186 0.00000000e+00
1187 0.00000000e+00
1188 0.00000000e+00
1189 1.01949981e-03
1190 7.72703195e-04
1191 5.88351628e-04
1192 4.56744479e-04
1193 3.63583160e-04
1194 2.95126026e-04
1195 2.40920408e-04
1196 1.94514258e-04
1197 1.52916947e-04
1198 1.15521765e-04
1199 8.28199453e-05
1200 0.00000000e+00
1201 0.00000000e+00
1202 0.00000000e+00
1203 -1.54505593e-05
1204 -1.16127769e-05
1205 -8.90247673e-06
1206 -7.05538940e-06
1207 -5.77717267e-06
1208 -4.82138757e-06
1209 -4.02133837e-06
1210 -3.28818070e-06
1211 -2.59352386e-06
1212 -1.94719752e-06
1213 -1.37570456e-06
1214 -8.96000112e-07
1215 0.00000000e+00
1216 0.00000000e+00
1217 0.00000000e+00
1218 5.48396816e-05
1219 4.07139976e-05
1220 3.04832137e-05
1221 2.34990551e-05
1222 1.88144358e-05
1223 1.55334766e-05
1224 1.29864728e-05
1225 1.07645443e-05
1226 8.68085039e-06
1227 6.70525593e-06
1228 4.90095498e-06
1229 3.33791630e-06
1230 0.00000000e+00
1231 0.00000000e+00
1232 0.00000000e+00
1233 3.34082799e-04
1234 2.52868906e-04
1235 1.95906202e-04
1236 1.56942865e-04
1237 1.29496572e-04
1238 1.08371178e-04
1239 9.01955527e-05
1240 7.32968201e-05
1241 5.72780967e-05
1242 4.25076093e-05
1243 2.96181576e-05
1244 1.89047941e-05
1245 0.00000000e+00
1246 0.00000000e+00
1247 0.00000000e+00
1248 5.53503548e-04
1249 4.21059770e-04
1250 3.28586982e-04
1251 2.65126303e-04
1252 2.19827637e-04
1253 1.84249281e-04
1254 1.53086209e-04
1255 1.23862022e-04
1256 9.61723388e-05
1257 7.08013576e-05
1258 4.88283946e-05
1259 3.08871028e-05
1260 0.00000000e+00
1261 0.00000000e+00
1262 0.00000000e+00
1263 7.01063925e-04
1264 5.34200365e-04
1265 4.17855647e-04
1266 3.37914853e-04
1267 2.80598152e-04
1268 2.35286350e-04
1269 1.95377287e-04
1270 1.57856241e-04
1271 1.22314481e-04
1272 8.98151287e-05
1273 6.17326677e-05
1274 3.89520240e-05
1275 0.00000000e+00
1276 0.00000000e+00
1277 0.00000000e+00
1278 8.18790244e-04
1279 6.24449441e-04
1280 4.89047353e-04
1281 3.95953098e-04
1282 3.29048961e-04
1283 2.75976826e-04
1284 2.29097619e-04
1285 1.84965205e-04
1286 1.43165866e-04
1287 1.04984368e-04
1288 7.20312436e-05
1289 4.53879321e-05
1290 0.00000000e+00
1291 0.00000000e+00
1292 0.00000000e+00
1293 9.22469974e-04
1294 7.03930115e-04
1295 5.51744322e-04
1296 4.47065956e-04
1297 3.71718343e-04
1298 3.11811898e-04
1299 2.58794317e-04
1300 2.08839497e-04
1301 1.61529305e-04
1302 1.18343699e-04
1303 8.11011000e-05
1304 5.10559597e-05
1305 0.00000000e+00
1306 0.00000000e+00
1307 0.00000000e+00
1308 1.03474382e-03
1309 7.90000329e-04
1310 6.19640787e-04
1311 5.02418767e-04
1312 4.17927898e-04
1313 3.50620281e-04
1314 2.90954861e-04
1315 2.34694250e-04
1316 1.81415696e-04
1317 1.32810630e-04
1318 9.09226136e-05
1319 5.71935510e-05
1320 0.00000000e+00
1321 0.00000000e+00
1322 -8.78272262e-07
1323 -6.62854139e-07
1324 -5.06590619e-07
1325 -3.98702551e-07
1326 -3.24721144e-07
1327 -2.71187996e-07
1328 -2.28088467e-07
1329 -1.89426409e-07
1330 -1.52664889e-07
1331 -1.17717630e-07
1332 -8.58316981e-08
1333 -5.84819890e-08
1334 -3.61180140e-08
1335 0.00000000e+00
1336 0.00000000e+00
1337 -1.42936549e-05
1338 -1.09353536e-05
1339 -8.58558637e-06
1340 -6.97682687e-06
1341 -5.83714341e-06
1342 -4.94852517e-06
1343 -4.16807679e-06
1344 -3.42502249e-06
1345 -2.70470449e-06
1346 -2.02758436e-06
1347 -1.42772971e-06
1348 -9.25995316e-07
1349 -5.66446521e-07
1350 0.00000000e+00
1351 0.00000000e+00
1352 6.44844103e-05
1353 4.87428843e-05
1354 3.75002721e-05
1355 2.98006249e-05
1356 2.45007458e-05
1357 2.05941809e-05
1358 1.73626295e-05
1359 1.43970008e-05
1360 1.15454741e-05
1361 8.83279626e-06
1362 6.37417298e-06
1363 4.28905147e-06
1364 2.58930884e-06
1365 0.00000000e+00
1366 0.00000000e+00
1367 3.10129143e-04
1368 2.37859663e-04
1369 1.87122907e-04
1370 1.52217760e-04
1371 1.27349030e-04
1372 1.07866730e-04
1373 9.07239013e-05
1374 7.44220701e-05
1375 5.86661151e-05
1376 4.39076701e-05
1377 3.08749834e-05
1378 1.99476108e-05
1379 1.24213704e-05
1380 0.00000000e+00
1381 0.00000000e+00
1382 5.33041661e-04
1383 4.10714214e-04
1384 3.25123267e-04
1385 2.66056113e-04
1386 2.23489992e-04
1387 1.89566359e-04
1388 1.59262625e-04
1389 1.30234622e-04
1390 1.02180739e-04
1391 7.60261728e-05
1392 5.30842630e-05
1393 3.39409588e-05
1394 2.13388007e-05
1395 0.00000000e+00
1396 0.00000000e+00
1397 7.07367964e-04
1398 5.45940269e-04
1399 4.33116459e-04
1400 3.55159350e-04
1401 2.98745570e-04
1402 2.53512784e-04
1403 2.12898279e-04
1404 1.73900589e-04
1405 1.36215794e-04
1406 1.01140584e-04
1407 7.04436099e-05
1408 4.48845233e-05
1409 2.83052434e-05
1410 0.00000000e+00
1411 0.00000000e+00
1412 8.60357569e-04
1413 6.64600904e-04
1414 5.27866839e-04
1415 4.33326681e-04
1416 3.64760103e-04
1417 3.09606175e-04
1418 2.59948991e-04
1419 2.12208672e-04
1420 1.66077965e-04
1421 1.23178729e-04
1422 8.56790777e-05
1423 5.44905479e-05
1424 3.44196013e-05
1425 0.00000000e+00
1426 0.00000000e+00
1427 1.02617320e-03
1428 7.93209606e-04
1429 6.30560852e-04
1430 5.18047486e-04
1431 4.36309323e-04
1432 3.70402514e-04
1433 3.10944519e-04
1434 2.53728567e-04
1435 1.98443810e-04
1436 1.47064548e-04
1437 1.02191863e-04
1438 6.49018840e-05
1439 4.10465643e-05
1440 0.00000000e+00
1441 0.00000000e+00
1442 -2.98293372e-09
1443 -2.28447505e-09
1444 -1.79484253e-09
1445 -1.45884266e-09
1446 -1.22025588e-09
1447 -1.03394664e-09
1448 -8.70293475e-10
1449 -7.14636550e-10
1450 -5.63968443e-10
1451 -4.22554963e-10
1452 -2.97440648e-10
1453 -1.92646260e-10
1454 -1.18939921e-10
1455 0.00000000e+00
1456 0.00000000e+00
1457 -8.67978309e-07
1458 -6.74009384e-07
1459 -5.39593323e-07
1460 -4.46519369e-07
1461 -3.78068530e-07
1462 -3.21749951e-07
1463 -2.69997353e-07
1464 -2.19690239e-07
1465 -1.70980681e-07
1466 -1.25864815e-07
1467 -8.67375356e-08
1468 -5.41831793e-08
1469 -3.48052456e-08
1470 0.00000000e+00
1471 0.00000000e+00
1472 -6.92404143e-06
1473 -5.51815508e-06
1474 -4.55025841e-06
1475 -3.85883997e-06
1476 -3.31356241e-06
1477 -2.82701457e-06
1478 -2.35424536e-06
1479 -1.88575899e-06
1480 -1.43564807e-06
1481 -1.02839020e-06
1482 -6.84869718e-07
1483 -4.10304547e-07
1484 -2.75012100e-07
1485 0.00000000e+00
1486 0.00000000e+00
1487 4.21944802e-05
1488 3.29362663e-05
1489 2.65502651e-05
1490 2.21117907e-05
1491 1.88023113e-05
1492 1.60264559e-05
1493 1.34353097e-05
1494 1.08979067e-05
1495 8.44044888e-06
1496 6.17408207e-06
1497 4.22494758e-06
1498 2.58620312e-06
1499 1.70771159e-06
1500 0.00000000e+00
1501 0.00000000e+00
1502 2.12508327e-04
1503 1.69079620e-04
1504 1.39049096e-04
1505 1.17597643e-04
1506 1.00769698e-04
1507 8.58739045e-05
1508 7.14984209e-05
1509 5.73098889e-05
1510 4.36980318e-05
1511 3.13772118e-05
1512 2.09461110e-05
1513 1.27472232e-05
1514 8.34805743e-06
1515 0.00000000e+00
1516 0.00000000e+00
1517 3.94345885e-04
1518 3.15613531e-04
1519 2.61049178e-04
1520 2.21681885e-04
1521 1.90299581e-04
1522 1.62097857e-04
1523 1.34658432e-04
1524 1.07545828e-04
1525 8.16218649e-05
1526 5.82879528e-05
1527 3.85966467e-05
1528 2.35596320e-05
1529 1.52774964e-05
1530 0.00000000e+00
1531 0.00000000e+00
1532 5.52247976e-04
1533 4.42912747e-04
1534 3.67070802e-04
1535 3.12150808e-04
1536 2.68119393e-04
1537 2.28343970e-04
1538 1.89538408e-04
1539 1.51183347e-04
1540 1.14553536e-04
1541 8.16477408e-05
1542 5.39082765e-05
1543 3.29485930e-05
1544 2.12837501e-05
1545 0.00000000e+00
1546 0.00000000e+00
1547 7.23102790e-04
1548 5.80645016e-04
1549 4.81774778e-04
1550 4.10024695e-04
1551 3.52307805e-04
1552 3.00012328e-04
1553 2.48912066e-04
1554 1.98396018e-04
1555 1.50185118e-04
1556 1.06924212e-04
1557 7.04779247e-05
1558 4.31079007e-05
1559 2.77841859e-05
1560 0.00000000e+00
1561 0.00000000e+00
1562 -4.30972519e-12
1563 -3.37305639e-12
1564 -2.72602801e-12
1565 -2.27439975e-12
1566 -1.93533683e-12
1567 -1.64899235e-12
1568 -1.38069838e-12
1569 -1.11792824e-12
1570 -8.63972714e-13
1571 -6.30485185e-13
1572 -4.29907659e-13
1573 -2.64256568e-13
1574 -1.72943709e-13
1575 0.00000000e+00
1576 0.00000000e+00
1577 -1.09483443e-08
1578 -8.68340535e-09
1579 -7.12041320e-09
1580 -6.01023681e-09
1581 -5.14659392e-09
1582 -4.38784936e-09
1583 -3.65831743e-09
1584 -2.93824972e-09
1585 -2.24587537e-09
1586 -1.61709857e-09
1587 -1.08401811e-09
1588 -6.56480567e-10
1589 -4.34566446e-10
1590 0.00000000e+00
1591 0.00000000e+00
1592 -9.16065023e-07
1593 -7.38876881e-07
1594 -6.15978006e-07
1595 -5.26197373e-07
1596 -4.53058456e-07
1597 -3.85938786e-07
1598 -3.19833670e-07
1599 -2.54315933e-07
1600 -1.91855231e-07
1601 -1.35993410e-07
1602 -8.91505375e-08
1603 -5.42021638e-08
1604 -3.50850870e-08
1605 0.00000000e+00
1606 0.00000000e+00
1607 -4.11356721e-06
1608 -3.44305037e-06
1609 -2.96398371e-06
1610 -2.58421871e-06
1611 -2.24069922e-06
1612 -1.89939248e-06
1613 -1.55152146e-06
1614 -1.20706096e-06
1615 -8.85631582e-07
1616 -6.07202776e-07
1617 -3.75799341e-07
1618 -2.41718712e-07
1619 -1.38217325e-07
1620 0.00000000e+00
1621 0.00000000e+00
1622 4.93961172e-05
1623 4.01992107e-05
1624 3.37877445e-05
1625 2.90223752e-05
1626 2.50426698e-05
1627 2.13132927e-05
1628 1.76030062e-05
1629 1.39232484e-05
1630 1.04327680e-05
1631 7.33602159e-06
1632 4.74485443e-06
1633 2.92011990e-06
1634 1.84016777e-06
1635 0.00000000e+00
1636 0.00000000e+00
1637 2.27148657e-04
1638 1.87908270e-04
1639 1.60073562e-04
1640 1.38580436e-04
1641 1.19792509e-04
1642 1.01607044e-04
1643 8.33022230e-05
1644 6.52120134e-05
1645 4.82543489e-05
1646 3.34385111e-05
1647 2.10842272e-05
1648 1.33761051e-05
1649 7.92124622e-06
1650 0.00000000e+00
1651 0.00000000e+00
1652 4.27039197e-04
1653 3.55089256e-04
1654 3.03697905e-04
1655 2.63486076e-04
1656 2.27828696e-04
1657 1.92997395e-04
1658 1.57842343e-04
1659 1.23156172e-04
1660 9.07688504e-05
1661 6.26045923e-05
1662 3.91876888e-05
1663 2.50720527e-05
1664 1.45552162e-05
1665 0.00000000e+00
1666 0.00000000e+00
1667 6.42176988e-04
1668 5.35053064e-04
1669 4.58320369e-04
1670 3.97960843e-04
1671 3.44137912e-04
1672 2.91378245e-04
1673 2.38075131e-04
1674 1.85517374e-04
1675 1.36517649e-04
1676 9.39836957e-05
1677 5.86664634e-05
1678 3.76529218e-05
1679 2.16889084e-05
1680 0.00000000e+00
1681 0.00000000e+00
1682 -2.25611068e-16
1683 -1.82631496e-16
1684 -1.52762565e-16
1685 -1.30792375e-16
1686 -1.12714093e-16
1687 -9.59806828e-17
1688 -7.94309770e-17
1689 -6.30235229e-17
1690 -4.74137926e-17
1691 -3.34987742e-17
1692 -2.18480601e-17
1693 -1.33327648e-17
1694 -8.55054724e-18
1695 0.00000000e+00
1696 0.00000000e+00
1697 -5.25542617e-12
1698 -4.29739706e-12
1699 -3.62672167e-12
1700 -3.12301249e-12
1701 -2.69670206e-12
1702 -2.29316526e-12
1703 -1.89007027e-12
1704 -1.49054923e-12
1705 -1.11281310e-12
1706 -7.79163864e-13
1707 -5.00476364e-13
1708 -3.10149240e-13
1709 -1.92449512e-13
1710 0.00000000e+00
1711 0.00000000e+00
1712 -4.43878435e-09
1713 -3.67422647e-09
1714 -3.13231716e-09
1715 -2.71357880e-09
1716 -2.34684569e-09
1717 -1.99112176e-09
1718 -1.63250083e-09
1719 -1.27777081e-09
1720 -9.45139075e-10
1721 -6.54586200e-10
1722 -4.12140935e-10
1723 -2.61713330e-10
1724 -1.54726377e-10
1725 0.00000000e+00
1726 0.00000000e+00
1727 -3.31980753e-07
1728 -2.78900802e-07
1729 -2.40484597e-07
1730 -2.09610170e-07
1731 -1.81429131e-07
1732 -1.53379609e-07
1733 -1.24887367e-07
1734 -9.68313831e-08
1735 -7.08095167e-08
1736 -4.83831664e-08
1737 -2.97432972e-08
1738 -1.94643491e-08
1739 -1.07994516e-08
1740 0.00000000e+00
1741 0.00000000e+00
1742 -1.63169826e-06
1743 -1.42407083e-06
1744 -1.26051726e-06
1745 -1.11186808e-06
1746 -9.61410772e-07
1747 -8.03621673e-07
1748 -6.41893285e-07
1749 -4.85211352e-07
1750 -3.44100708e-07
1751 -2.26291052e-07
1752 -1.33044130e-07
1753 -9.09311095e-08
1754 -4.27229867e-08
1755 0.00000000e+00
1756 0.00000000e+00
1757 3.63797296e-05
1758 3.09333583e-05
1759 2.69012279e-05
1760 2.35420301e-05
1761 2.03729970e-05
1762 1.71619576e-05
1763 1.38889967e-05
1764 1.06830032e-05
1765 7.73803016e-06
1766 5.22710861e-06
1767 3.16533800e-06
1768 2.10472514e-06
1769 1.11169332e-06
1770 0.00000000e+00
1771 0.00000000e+00
1772 1.83206670e-04
1773 1.57879234e-04
1774 1.38482943e-04
1775 1.21578210e-04
1776 1.05054773e-04
1777 8.80458020e-05
1778 7.07041925e-05
1779 5.38573154e-05
1780 3.85716127e-05
1781 2.56651862e-05
1782 1.55136573e-05
1783 1.02297315e-05
1784 5.17801434e-06
1785 0.00000000e+00
1786 0.00000000e+00
1787 3.85719008e-04
1788 3.33787261e-04
1789 2.93520631e-04
1790 2.57895513e-04
1791 2.22697318e-04
1792 1.86310858e-04
1793 1.49228974e-04
1794 1.13309586e-04
1795 8.08507544e-05
1796 5.35105737e-05
1797 3.24072334e-05
1798 2.12276553e-05
1799 1.06177510e-05
1800 0.00000000e+00
1801 0.00000000e+00
1802 -9.00845187e-17
1803 -7.64035781e-17
1804 -6.63293584e-17
1805 -5.80028430e-17
1806 -5.02015731e-17
1807 -4.23243098e-17
1808 -3.42988430e-17
1809 -2.64274604e-17
1810 -1.91814102e-17
1811 -1.29887721e-17
1812 -7.88471862e-18
1813 -5.23316946e-18
1814 -2.79086573e-18
1815 0.00000000e+00
1816 0.00000000e+00
1817 -6.98619968e-13
1818 -5.96879995e-13
1819 -5.20767861e-13
1820 -4.56383938e-13
1821 -3.94853413e-13
1822 -3.32104782e-13
1823 -2.68090939e-13
1824 -2.05534219e-13
1825 -1.48298267e-13
1826 -9.96857835e-14
1827 -6.01145729e-14
1828 -4.00995360e-14
1829 -2.07903647e-14
1830 0.00000000e+00
1831 0.00000000e+00
1832 -6.03668910e-10
1833 -5.20363022e-10
1834 -4.56624159e-10
1835 -4.01062023e-10
1836 -3.46695137e-10
1837 -2.90658189e-10
1838 -2.33462528e-10
1839 -1.77853860e-10
1840 -1.27372930e-10
1841 -8.47951158e-11
1842 -5.09703696e-11
1843 -3.39115136e-11
1844 -1.70476796e-11
1845 0.00000000e+00
1846 0.00000000e+00
1847 -8.84110282e-08
1848 -7.71041540e-08
1849 -6.81360398e-08
1850 -5.99780052e-08
1851 -5.17535808e-08
1852 -4.31774217e-08
1853 -3.44341061e-08
1854 -2.60003385e-08
1855 -1.84288258e-08
1856 -1.20893419e-08
1857 -7.30659234e-09
1858 -4.76524371e-09
1859 -2.31502503e-09
1860 0.00000000e+00
1861 0.00000000e+00
1862 -6.10540180e-07
1863 -5.52695818e-07
1864 -4.98107505e-07
1865 -4.40056329e-07
1866 -3.76258225e-07
1867 -3.08065392e-07
1868 -2.39326844e-07
1869 -1.74958680e-07
1870 -1.19361706e-07
1871 -7.32519607e-08
1872 -4.74564685e-08
1873 -2.66154117e-08
1874 -1.17010206e-08
1875 0.00000000e+00
1876 0.00000000e+00
1877 3.76132873e-05
1878 3.32720062e-05
1879 2.96253884e-05
1880 2.61130258e-05
1881 2.24500931e-05
1882 1.85926471e-05
1883 1.46790294e-05
1884 1.09496006e-05
1885 7.65275852e-06
1886 4.90143165e-06
1887 3.03910745e-06
1888 1.87924012e-06
1889 8.85199479e-07
1890 0.00000000e+00
1891 0.00000000e+00
1892 2.31557212e-04
1893 2.06784427e-04
1894 1.84908126e-04
1895 1.62941448e-04
1896 1.39560996e-04
1897 1.14857916e-04
1898 8.99459206e-05
1899 6.64526330e-05
1900 4.59338052e-05
1901 2.88299572e-05
1902 1.83422191e-05
1903 1.07843515e-05
1904 4.99897125e-06
1905 0.00000000e+00
1906 0.00000000e+00
1907 -1.66057546e-19
1908 -1.47083054e-19
1909 -1.31062022e-19
1910 -1.15550723e-19
1911 -9.93231017e-20
1912 -8.22139574e-20
1913 -6.48575071e-20
1914 -4.83307496e-20
1915 -3.37378366e-20
1916 -2.15697321e-20
1917 -1.33905261e-20
1918 -8.24926372e-21
1919 -3.86980505e-21
1920 0.00000000e+00
1921 0.00000000e+00
1922 -1.70968497e-15
1923 -1.51982072e-15
1924 -1.35664449e-15
1925 -1.19619077e-15
1926 -1.02696693e-15
1927 -8.48239635e-16
1928 -6.67257984e-16
1929 -4.95536682e-16
1930 -3.44556946e-16
1931 -2.18639585e-16
1932 -1.37053935e-16
1933 -8.29002876e-17
1934 -3.86300609e-17
1935 0.00000000e+00
1936 0.00000000e+00
1937 -6.05507345e-12
1938 -5.41022843e-12
1939 -4.84057380e-12
1940 -4.26766264e-12
1941 -3.65678723e-12
1942 -3.01041025e-12
1943 -2.35788897e-12
1944 -1.74211055e-12
1945 -1.20416644e-12
1946 -7.55230387e-13
1947 -4.80838255e-13
1948 -2.82563221e-13
1949 -1.30505211e-13
1950 0.00000000e+00
1951 0.00000000e+00
1952 -5.94545087e-09
1953 -5.35102758e-09
1954 -4.80171224e-09
1955 -4.23056935e-09
1956 -3.61271090e-09
1957 -2.95814554e-09
1958 -2.30104048e-09
1959 -1.68636805e-09
1960 -1.15471394e-09
1961 -7.11081206e-10
1962 -4.63879942e-10
1963 -2.60144318e-10
1964 -1.18767213e-10
1965 0.00000000e+00
1966 0.00000000e+00
1967 -6.01314660e-08
1968 -5.72300456e-08
1969 -5.22133006e-08
1970 -4.53994933e-08
1971 -3.74056368e-08
1972 -2.90204203e-08
1973 -2.10427219e-08
1974 -1.41352054e-08
1975 -8.64277339e-09
1976 -4.52266327e-09
1977 -3.49941387e-09
1978 -1.01325278e-09
1979 -3.78933511e-10
1980 0.00000000e+00
1981 0.00000000e+00
1982 5.15431540e-05
1983 4.70587244e-05
1984 4.23868078e-05
1985 3.71780964e-05
1986 3.14162482e-05
1987 2.53436391e-05
1988 1.93569928e-05
1989 1.38895314e-05
1990 9.26444472e-06
1991 5.57853985e-06
1992 3.70237501e-06
1993 1.88279749e-06
1994 8.41885671e-07
1995 0.00000000e+00
1996 0.00000000e+00
1997 0.00000000e+00
1998 0.00000000e+00
1999 4.36345979e-02
2000 3.40750329e-02
2001 2.68189851e-02
2002 2.09599140e-02
2003 1.60194416e-02
2004 1.18096407e-02
2005 8.29302287e-03
2006 5.47737209e-03
2007 3.35335206e-03
2008 1.86773657e-03
2009 9.24257645e-04
2010 0.00000000e+00
2011 0.00000000e+00
2012 0.00000000e+00
2013 4.44104281e-02
2014 3.56600418e-02
2015 2.83647095e-02
2016 2.20134624e-02
2017 1.64462002e-02
2018 1.16822818e-02
2019 7.78879555e-03
2020 4.80032128e-03
2021 2.68059780e-03
2022 1.31828782e-03
2023 5.51306322e-04
2024 2.29889899e-04
2025 0.00000000e+00
2026 0.00000000e+00
2027 4.02044918e-02
2028 3.25475529e-02
2029 2.60752280e-02
2030 2.03871155e-02
2031 1.53598414e-02
2032 1.10186182e-02
2033 7.43368223e-03
2034 4.64923573e-03
2035 2.64663021e-03
2036 1.33711254e-03
2037 5.79285812e-04
2038 2.42017529e-04
2039 3.65641462e-05
2040 0.00000000e+00
2041 0.00000000e+00
2042 2.81060091e-02
2043 2.27451849e-02
2044 1.79984972e-02
2045 1.37629909e-02
2046 1.00553998e-02
2047 6.93802204e-03
2048 4.46237800e-03
2049 2.63298718e-03
2050 1.39569407e-03
2051 6.46267767e-04
2052 2.62999500e-04
2053 1.12737971e-04
2054 -5.13494164e-05
2055 0.00000000e+00
2056 0.00000000e+00
2057 3.06645702e-02
2058 2.46334945e-02
2059 1.91994368e-02
2060 1.43644783e-02
2061 1.02034641e-02
2062 6.79778140e-03
2063 4.18615468e-03
2064 2.33769346e-03
2065 1.15241543e-03
2066 4.83559364e-04
2067 2.10154777e-04
2068 3.59269643e-06
2069 -7.11430384e-05
2070 0.00000000e+00
2071 0.00000000e+00
2072 1.76018776e-02
2073 1.39689057e-02
2074 1.06848804e-02
2075 7.79946261e-03
2076 5.37385009e-03
2077 3.45035753e-03
2078 2.03164590e-03
2079 1.07373432e-03
2080 4.94316864e-04
2081 1.96768320e-04
2082 8.82276876e-05
2083 -4.18246294e-05
2084 -3.15844030e-05
2085 0.00000000e+00
2086 0.00000000e+00
2087 1.37581418e-02
2088 1.07378901e-02
2089 8.02973674e-03
2090 5.69677894e-03
2091 3.78991663e-03
2092 2.32988709e-03
2093 1.29774955e-03
2094 6.36320597e-04
2095 2.63100843e-04
2096 1.10103738e-04
2097 1.67776986e-06
2098 -4.19513480e-05
2099 -2.08863279e-05
2100 0.00000000e+00
2101 0.00000000e+00
2102 5.10533132e-03
2103 3.89263391e-03
2104 2.82583228e-03
2105 1.93271446e-03
2106 1.22866890e-03
2107 7.12632031e-04
2108 3.66720383e-04
2109 1.59620849e-04
2110 5.60547285e-05
2111 1.95379719e-05
2112 -2.24010432e-05
2113 -1.50796014e-05
2114 -6.78748344e-06
